0 50.888006408989575 4.456895875712392 Brussel_Zaventem_ring_eastbound
1 50.87365789429079 4.465851287525549 Brussel_Zaventem_ring_westbound
2 50.880457666824555 4.282101153182264 Brussel_Jette_ring_eastbound
3 50.90095533209194 4.32486320268057 Brussel_Jette_ring_westbound
4 50.97205156770464 3.8386539482769506 Wetteren_E40_eastbound
5 50.96653180494603 3.851121563862001 Wetteren_E40_westbound
6 51.07621348074556 3.4471963371454852 Aalter_E40_eastbound
7 51.072688238457324 3.462587933151154 Aalter_E40_westbound
8 50.81622024959818 3.1059407391981946 Menen_A19_eastbound
9 50.81623924857913 3.114634449362035 Menen_A19_westbound
10 50.48447028885343 3.964014626235097 Mons_E42_eastbound
11 50.49136244858867 3.9848335977979064 Mons_E42_westbound
10 50.70651082038531 5.261599762624497 Waremme_E40_eastbound
11 50.70559123245458 5.277325144648369 Waremme_E40_westbound
12 50.41431301268145 4.951274505658623 Naninne_E411_eastbound
13 50.40150918963945 4.971698782705489 Naninne_E411_westbound
14 50.484225723539865 4.592862269122801 Fleurus_E42_eastbound
15 50.48648269071764 4.600199787323172 Fleurus_E42_westbound
